1148.24
1136.28 1 768 432 0.884487 -0.118496 -0.451266 0.018332 0.97529 -0.220167 0.466204 0.186462 0.864804 0 0 0
1175.47 1 768 432 0.999171 0.0147919 -0.0379277 -0.0288086 0.91518 -0.402015 0.0287641 0.402774 0.914847 0 0 0
1132.97 1 768 432 0.852101 0.186046 0.489193 0.0147521 0.925778 -0.37778 -0.523169 0.329123 0.786112 0 0 0
